84
20 0
20 15
20 30
20 45
20 60
20 75
20 90
40 0
40 15
40 30
40 45
40 60
40 75
40 90
60 0
60 15
60 30
60 45
60 60
60 75
60 90
80 0
80 15
80 30
80 45
80 60
80 75
80 90
100 0
100 15
100 30
100 45
100 60
100 75
100 90
120 0
120 15
120 30
120 45
120 60
120 75
120 90
140 0
140 15
140 30
140 45
140 60
140 75
140 90
160 0
160 15
160 30
160 45
160 60
160 75
160 90
180 0
180 15
180 30
180 45
180 60
180 75
180 90
200 0
200 15
200 30
200 45
200 60
200 75
200 90
220 0
220 15
220 30
220 45
220 60
220 75
220 90
240 0
240 15
240 30
240 45
240 60
240 75
240 90